2020.07.22
| кол | 9 2 9 2 9 2 9 2 2 9 2 9 2 9 2 9 9 0 9 0 9 2 9 2 2 9 1 9 0 9 0 9 9 0 9 0 9 0 9 0 0 9 0 9 1 9 1 9 9 1 9 1 9 1 9 1 1 9 1 9 1 9 1 9  | 
| тычок | 9 2 9 2 9 2 9 2 2 9 2 9 2 9 2 9 9 0 9 0 9 0 9 2 0 9 1 9 0 9 2 9 9 0 9 0 9 0 9 0 0 9 0 9 0 9 1 9 9 1 9 1 9 1 9 1 1 9 1 9 1 9 1 9  | 
| жертва Кукуева | 9 2 9 2 9 2 9 2 2 9 0 9 2 9 2 9 9 2 9 0 9 0 9 2 0 9 1 9 1 9 0 9 9 0 9 0 9 0 9 0 0 9 0 9 0 9 0 9 9 1 9 1 9 1 9 1 1 9 1 9 1 9 1 9  | 
| перекресток | 9 2 9 2 9 2 9 2 2 9 2 9 0 9 2 9 9 2 9 2 9 2 9 2 0 9 0 9 2 9 0 9 9 0 9 1 9 1 9 0 1 9 1 9 0 9 1 9 9 0 9 1 9 1 9 1 1 9 1 9 1 9 1 9  | 
| обратный перекресток | 9 2 9 2 9 2 9 2 2 9 2 9 0 9 2 9 9 2 9 2 9 2 9 2 0 9 0 9 2 9 0 9 9 0 9 1 9 0 9 1 1 9 1 9 1 9 0 9 9 0 9 1 9 1 9 1 1 9 1 9 1 9 1 9  |  
| вилочка | 9 2 9 2 9 2 9 2 2 9 2 9 2 9 2 9 9 2 9 0 9 2 9 2 0 9 0 9 2 9 0 9 9 0 9 1 9 1 9 0 1 9 0 9 1 9 0 9 9 1 9 1 9 1 9 1 1 9 1 9 1 9 1 9  | 
| старая партия | 9 2 9 2 9 2 9 2 2 9 2 9 0 9 2 9 9 2 9 2 9 2 9 2 0 9 2 9 0 9 0 9 9 0 9 1 9 0 9 0 1 9 1 9 1 9 1 9 9 0 9 1 9 1 9 1 1 9 1 9 1 9 1 9  | 
| отыгрыш | 9 2 9 2 9 2 9 2 2 9 2 9 2 9 2 9 9 0 9 2 9 2 9 2 0 9 0 9 0 9 0 9 9 1 9 0 9 0 9 0 1 9 0 9 1 9 1 9 9 0 9 1 9 1 9 1 1 9 1 9 1 9 1 9  | 
| игра Медкова | 9 2 9 2 9 2 9 2 2 9 2 9 2 9 0 9 9 2 9 2 9 2 9 2 0 9 0 9 0 9 2 9 9 0 9 1 9 0 9 0 1 9 1 9 1 9 1 9 9 1 9 1 9 1 9 1 0 9 1 9 1 9 1 9  | 
| игра Рамма-Цукерника | 9 2 9 2 9 2 9 2 2 9 2 9 2 9 0 9 9 2 9 2 9 2 9 0 0 9 0 9 0 9 1 9 9 0 9 1 9 0 9 2 1 9 1 9 0 9 1 9 9 0 9 1 9 1 9 1 1 9 1 9 1 9 1 9  | 
| Киевская защита | 9 2 9 2 9 2 9 2 2 9 2 9 2 9 2 9 9 2 9 2 9 0 9 0 0 9 0 9 0 9 2 9 9 1 9 1 9 0 9 2 1 9 0 9 1 9 1 9 9 0 9 1 9 1 9 1 1 9 1 9 1 9 1 9  | 
| Ленинградская защита | 9 2 9 2 9 2 9 2 2 9 2 9 2 9 2 9 9 0 9 2 9 0 9 2 2 9 0 9 0 9 0 9 9 1 9 1 9 0 9 2 1 9 0 9 1 9 1 9 9 0 9 1 9 1 9 1 1 9 1 9 1 9 1 9  | 
| 1 дать, 2 взять | 9 0 9 0 9 0 9 0 0 9 0 9 2 9 0 9 9 2 9 0 9 0 9 0 0 9 2 9 0 9 0 9 9 0 9 0 9 0 9 1 0 9 1 9 0 9 1 9 9 0 9 0 9 0 9 0 0 9 0 9 0 9 0 9  | 152 143 | 232 10143 254 | 156 145 | 254 10145 236 | 147 10236 125 10214 1103 10221 1130 | 
| Свободный темп | 9 0 9 0 9 0 9 0 0 9 0 9 2 9 0 9 9 0 9 0 9 0 9 2 0 9 0 9 0 9 0 9 9 0 9 0 9 0 9 1 2 9 0 9 0 9 0 9 9 1 9 0 9 1 9 0 0 9 0 9 0 9 0 9  | 165 156 | 250 10161 1272 | 156 145 | 1272 10145 1236 | 147 11236 125 10214 1103 | 
| Удар по затылку | 9 0 9 0 9 0 9 0 0 9 0 9 0 9 0 9 9 0 9 0 9 0 9 0 0 9 0 9 0 9 0 9 9 0 9 0 9 2 9 2 0 9 0 9 0 9 0 9 9 2 9 0 9 1 9 1 0 9 0 9 0 9 1 9  | 165 154 | 245 10154 263 | 167 156 | 247 10156 265 | 176 10265 154 10263 172 10261 150 | 
| Сложная 1 | 9 0 9 2 9 0 9 2 0 9 2 9 2 9 2 9 9 0 9 0 9 2 9 0 0 9 1 9 1 9 2 9 9 0 9 1 9 0 9 2 2 9 0 9 1 9 0 9 9 1 9 0 9 1 9 1 0 9 1 9 0 9 1 9  | 172 163 | 250 10161 1272 | 163 152 | 1272 10154 1245 10134 1223 10132 1241 10152 1274 10165 1256 | 
| Сложная 2 | 9 0 9 0 9 0 9 0 2 9 0 9 2 9 2 9 9 2 9 2 9 2 9 0 2 9 0 9 0 9 0 9 9 1 9 1 9 1 9 0 1 9 1 9 0 9 1 9 9 0 9 0 9 0 9 0 0 9 0 9 0 9 1 9  | 141 132 | 223 10132 241 10152 263 | 150 141 | 230 10141 252 10143 234 | 
| Сложная 3 | 9 0 9 2 9 2 9 0 2 9 2 9 2 9 2 9 9 2 9 0 9 0 9 2 0 9 0 9 1 9 2 9 9 1 9 1 9 1 9 2 1 9 0 9 1 9 0 9 9 0 9 0 9 1 9 1 0 9 1 9 0 9 1 9  | 143 132 | 221 10132 243 10134 225 | 154 143 | 236 10145 254 10143 232 | 
| Сложная 4 | 9 2 9 2 9 0 9 0 2 9 0 9 2 9 0 9 9 2 9 2 9 2 9 2 0 9 0 9 0 9 0 9 9 1 9 1 9 1 9 2 0 9 1 9 1 9 0 9 9 0 9 0 9 1 9 0 1 9 0 9 1 9 1 9  | 145 136 | 227 10136 245 10154 263 | 141 130 | 263 10152 241 | 
| Сложная 5 | 9 2 9 2 9 0 9 2 0 9 0 9 2 9 2 9 9 0 9 0 9 0 9 0 1 9 2 9 2 9 2 9 9 0 9 0 9 0 9 0 1 9 1 9 0 9 1 9 9 0 9 1 9 1 9 0 0 9 1 9 0 9 1 9  | 156 145 | 234 10145 256 10165 1274 | 152 141 | 1274 10163 1252 | 
| Сложная 6 | 9 0 9 2 9 2 9 0 2 9 2 9 0 9 0 9 9 0 9 2 9 0 9 1 2 9 0 9 0 9 2 9 9 1 9 1 9 1 9 0 0 9 1 9 1 9 0 9 9 0 9 0 9 1 9 0 0 9 0 9 0 9 0 9  | 145 134 | 223 10134 245 10154 263 | 152 10263 174 | 230 10141 252 10143 234 | 
| Сложная 7 | 9 2 9 2 9 2 9 0 2 9 0 9 0 9 0 9 9 0 9 2 9 2 9 2 1 9 0 9 0 9 0 9 9 1 9 1 9 1 9 2 0 9 0 9 1 9 0 9 9 0 9 0 9 1 9 1 0 9 0 9 0 9 1 9  | 165 156 | 247 10156 265 | 143 132 | 265 10154 243 10132 221 | 
| name | 9 0 9 0 9 0 9 0 0 9 0 9 11 9 0 9 9 0 9 11 9 11 9 0 0 9 12 9 0 9 11 9 9 0 9 12 9 12 9 0 0 9 0 9 12 9 0 9 9 0 9 0 9 0 9 0 0 9 0 9 0 9 0 9  | 













