

15-05-2021 17:33
Протокол составлен программой BARS 5.4 test 1
режим игры: человек-робот
Начальная позиция шашек:
белые шашки:
a3 c3 e3 g3 b2 d2 f2 h2 a1 c1 e1 g1 
черные шашки:
b8 d8 f8 h8 a7 c7 e7 g7 b6 d6 f6 h6 
Протокол:
1 e3-d4 h6-g5
2 g3-h4 g5-f4
3 f2-e3 f4-g3
4 h2:f4 d6-c5
5 f4-e5 e7-d6
6 g1-h2 d6:f4
7 e3:e7 d8:f6
8 c3-b4 c5:e3
9 d2:f4 b6-a5
10 f4-g5 a5:c3
11 b2:d4 f8-e7
12 g5-h6 f6-g5
13 h4:a5 g7-f6
14 h6-g7 f6-g5
15 g7-f8 g5-h4
16 d4-e5 b8-c7
17 a5:d8 h8-g7
18 f8:h6 a7-b6
19 d8:a5 h4-g3
20 h2:f4 .....
Для создания заданий (не забудьте изменить имя): 
| name | 9 2 9 2 9 2 9 2 2 9 2 9 2 9 2 9 9 2 9 2 9 2 9 2 0 9 0 9 0 9 0 9 9 0 9 0 9 0 9 0 1 9 1 9 1 9 1 9 9 1 9 1 9 1 9 1 1 9 1 9 1 9 1 9  | 154 143 | 227 236 | 156 147 | 236 245 | 165 154 | 245 256 | 167 10256 145 | 223 232 | 145 134 | 214 223 | 176 167 | 223 10134 245 | 154 10245 136 10225 114 | 203 10114 225 | 152 141 | 232 10143 254 | 163 10254 145 | 221 230 | 145 136 | 230 10141 252 | 161 10252 143 | 205 214 | 136 127 | 225 236 | 147 10236 125 10214 1103 10212 1130 | 216 225 | 127 116 | 225 236 | 116 1105 | 236 247 | 143 134 | 201 212 | 1130 10212 1103 | 207 216 | 1105 10216 1127 | 210 221 | 1103 10221 1130 | 247 256 | 167 10256 145 | 


15-05-2021 18:39
Протокол составлен программой BARS 5.4 test 1
режим игры: человек-робот
Начальная позиция шашек:
белые шашки:
a3 c3 e3 g3 b2 d2 f2 h2 a1 c1 e1 g1 
черные шашки:
b8 d8 f8 h8 a7 c7 e7 g7 b6 d6 f6 h6 
Протокол:
1 g3-f4 f6-e5
2 f2-g3 b6-a5
3 g3-h4 e5:g3
4 h2:f4 d6-c5
5 c3-b4 a5:c3
6 d2:d6 c7:g3
7 h4:f2 h6-g5
8 e3-f4 g5:e3
9 f2:d4 e7-d6
10 b2-c3 g7-f6
11 c3-b4 d6-e5
12 d4-c5 e5-f4
13 c5-d6 f4-g3
14 g1-h2 f6-e5
15 h2:f4 e5:g3
16 b4-a5 g3-h2
17 a3-b4 h2-g1
18 b4-c5 g1:b6
19 a5:c7 d8:b6
20 c1-d2 b6-a5
21 d2-e3 a5-b4
22 e3-f4 b4-c3
23 f4-g5 a7-b6
24 g5-h6 b6-a5
25 e1-f2 c3-d2
26 a1-b2 a5-b4
27 b2-a3 b4-c3
28 f2-g3 d2-e1
29 g3-h4 c3-d2
30 a3-b4 d2-c1
31 b4-a5 e1-c3
32 h4-g5 c1-b2
33 a5-b6 h8-g7
34 b6-c7 b8-a7
35 c7-b8 a7-b6
36 d6-e7 f8:d6
Для создания заданий (не забудьте изменить имя): 
| name | 9 2 9 2 9 2 9 2 2 9 2 9 2 9 2 9 9 2 9 2 9 2 9 2 0 9 0 9 0 9 0 9 9 0 9 0 9 0 9 0 1 9 1 9 1 9 1 9 9 1 9 1 9 1 9 1 1 9 1 9 1 9 1 9  | 156 145 | 225 234 | 165 156 | 221 230 | 156 147 | 234 10145 256 | 167 10256 145 | 223 232 | 152 141 | 230 10141 252 | 163 10252 141 10232 123 | 212 10123 234 10145 256 | 147 10256 165 | 227 236 | 154 145 | 236 10145 254 | 165 10254 143 | 214 223 | 161 152 | 216 225 | 152 141 | 223 234 | 143 132 | 234 245 | 132 123 | 245 256 | 176 167 | 225 234 | 167 10256 145 | 234 10145 256 | 141 130 | 256 267 | 150 141 | 267 1276 | 141 132 | 1276 10132 1221 | 130 11221 112 | 203 10112 221 | 172 163 | 221 230 | 163 154 | 230 241 | 154 145 | 241 252 | 145 136 | 210 221 | 136 127 | 221 230 | 174 165 | 252 263 | 170 161 | 230 241 | 161 150 | 241 252 | 165 156 | 263 1274 | 156 147 | 252 263 | 150 141 | 263 1272 | 141 130 | 1274 1252 | 147 136 | 1272 1261 | 130 121 | 207 216 | 121 112 | 201 210 | 112 1101 | 210 221 | 123 114 | 205 10114 223 | 

[[9, 2, 9, 2, 9, 2, 9, 2], [2, 9, 2, 9, 2, 9, 2, 9], [9, 2, 9, 2, 9, 2, 9, 2], [0, 9, 0, 9, 0, 9, 0, 9], [9, 0, 9, 0, 9, 0, 9, 0], [1, 9, 1, 9, 1, 9, 1, 9], [9, 1, 9, 1, 9, 1, 9, 1], [1, 9, 1, 9, 1, 9, 1, 9]]
[156, 145]
[225, 234]
[165, 156]
[221, 230]
[156, 147]
[234, 10145, 256]
[167, 10256, 145]
[223, 232]
[152, 141]
[230, 10141, 252]
[163, 10252, 141, 10232, 123]
[212, 10123, 234, 10145, 256]
[147, 10256, 165]
[227, 236]
[154, 145]
[236, 10145, 254]
[165, 10254, 143]
[214, 223]
[161, 152]
[216, 225]
[152, 141]
[223, 234]
[143, 132]
[234, 245]
[132, 123]
[245, 256]
[176, 167]
[225, 234]
[167, 10256, 145]
[234, 10145, 256]
[141, 130]
[256, 267]
[150, 141]
[267, 1276]
[141, 132]
[1276, 10132, 1221]
[130, 11221, 112]
[203, 10112, 221]
[172, 163]
[221, 230]
[163, 154]
[230, 241]
[154, 145]
[241, 252]
[145, 136]
[210, 221]
[136, 127]
[221, 230]
[174, 165]
[252, 263]
[170, 161]
[230, 241]
[161, 150]
[241, 252]
[165, 156]
[263, 1274]
[156, 147]
[252, 263]
[150, 141]
[263, 1272]
[141, 130]
[1274, 1252]
[147, 136]
[1272, 1261]
[130, 121]
[207, 216]
[121, 112]
[201, 210]
[112, 1101]
[210, 221]
[123, 114]
[205, 10114, 223]




15-05-2021 23:24
Протокол составлен программой BARS 5.4 test 1
режим игры: человек-человек
Начальная позиция шашек:
белые шашки:
a3 c3 e3 g3 b2 d2 f2 h2 a1 c1 e1 g1 
черные шашки:
b8 d8 f8 h8 a7 c7 e7 g7 b6 d6 f6 h6 
Протокол:
1 c3-d4 d6-c5
2 b2-c3 e7-d6
3 a1-b2 d6-e5
4 g3-h4 c5-b4
5 a3:c5 e5-f4
6 e3:e7 f8:b4
7 c3:a5 h6-g5
8 h4:f6 g7:a1
Для создания заданий (не забудьте изменить имя): 
| name | 9 2 9 2 9 2 9 2 2 9 2 9 2 9 2 9 9 2 9 2 9 2 9 2 0 9 0 9 0 9 0 9 9 0 9 0 9 0 9 0 1 9 1 9 1 9 1 9 9 1 9 1 9 1 9 1 1 9 1 9 1 9 1 9  | 152 143 | 223 232 | 161 152 | 214 223 | 170 161 | 223 234 | 156 147 | 232 241 | 150 10241 132 | 234 245 | 154 10245 136 10225 114 | 205 10114 223 10132 241 | 152 10241 130 | 227 236 | 147 10236 125 | 216 10125 234 10143 252 10161 1270 | 

[[9, 2, 9, 2, 9, 2, 9, 2], [2, 9, 2, 9, 2, 9, 2, 9], [9, 2, 9, 2, 9, 2, 9, 2], [0, 9, 0, 9, 0, 9, 0, 9], [9, 0, 9, 0, 9, 0, 9, 0], [1, 9, 1, 9, 1, 9, 1, 9], [9, 1, 9, 1, 9, 1, 9, 1], [1, 9, 1, 9, 1, 9, 1, 9]]
[152, 143]
[223, 232]
[161, 152]
[214, 223]
[170, 161]
[223, 234]
[156, 147]
[232, 241]
[150, 10241, 132]
[234, 245]
[154, 10245, 136, 10225, 114]
[205, 10114, 223, 10132, 241]
[152, 10241, 130]
[227, 236]
[147, 10236, 125]
[216, 10125, 234, 10143, 252, 10161, 1270]



18-06-2021 19:33
Протокол составлен программой BARS 5.4 test 1
режим игры: человек-робот
Начальная позиция шашек:
белые шашки:
a3 c3 e3 g3 b2 d2 f2 h2 a1 c1 e1 g1 
черные шашки:
b8 d8 f8 h8 a7 c7 e7 g7 b6 d6 f6 h6 
Протокол:
1 g3-f4 b6-a5
Для создания заданий (не забудьте изменить имя): 
| name | 9 2 9 2 9 2 9 2 2 9 2 9 2 9 2 9 9 2 9 2 9 2 9 2 0 9 0 9 0 9 0 9 9 0 9 0 9 0 9 0 1 9 1 9 1 9 1 9 9 1 9 1 9 1 9 1 1 9 1 9 1 9 1 9  | 156 145 | 221 230 | 
